P0: 466.372009 0.000000 329.627531 0.0 0.0 464.297760 264.713620 0.0 0.0 0.0 1.0 0.0
P1: 466.372009 0.000000 329.627531 0.0 0.0 464.297760 264.713620 0.0 0.0 0.0 1.0 0.0
P2: 466.372009 0.000000 329.627531 0.0 0.0 464.297760 264.713620 0.0 0.0 0.0 1.0 0.0
P3: 466.372009 0.000000 329.627531 0.0 0.0 464.297760 264.713620 0.0 0.0 0.0 1.0 0.0
R0_rect: 1.0 0.0 0.0 0.0 1.0 0.0 0.0 0.0 1.0
Tr_velo_to_cam: -0.0126133 -0.999882 -0.00959667 -0.0292076 0.114176 0.00809508 -0.993481 0.0137567 0.993474 -0.0136274 0.114064 -0.129097
Tr_imu_to_velo: 9.999976000000e-01 7.553071000000e-04 -2.035826000000e-03 -8.086759000000e-01 -7.854027000000e-04 9.998898000000e-01 -1.482298000000e-02 3.195559000000e-01 2.024406000000e-03 1.482454000000e-02 9.998881000000e-01 -7.997231000000e-01

